sizeX:	20
sizeY:	6
nTiles:	120
nBlocked:	54
blockDensity:	0.45
hasSqueezableCorners:	true
largestConnectedSetSize:	56
--connected sets--
[(0,0), (1,0), (2,0), (3,0), (4,0), (5,0), (6,0), (7,0), (8,0), (0,1), (1,1), (2,1), (3,1), (4,1), (5,1), (6,1), (7,1), (8,1), (0,2), (1,2), (2,2), (3,2), (4,2), (5,2), (6,2), (7,2), (8,2), (0,3), (1,3), (3,3), (4,3), (5,3), (6,3), (7,3), (8,3), (0,4), (1,4), (2,4), (3,4), (4,4), (5,4), (6,4), (1,5), (2,5), (3,5), (4,5), (5,5), (6,5), (7,5), (1,6), (2,6), (3,6), (4,6), (5,6), (6,6), (7,6)]
[(9,0), (10,0), (11,0), (12,0), (13,0), (14,0), (9,1), (10,1), (11,1), (12,1), (13,1), (14,1), (9,2), (10,2), (11,2), (12,2), (13,2), (9,3), (10,3), (11,3), (12,3), (13,3), (14,3), (15,3), (10,4), (11,4), (12,4), (13,4), (14,4), (15,4), (16,4), (17,4), (10,5), (11,5), (12,5), (13,5), (14,5), (15,5), (16,5), (17,5), (10,6), (11,6), (12,6), (13,6), (14,6), (15,6), (16,6), (17,6)]
[(18,3), (19,3), (20,3), (18,4), (19,4), (20,4), (19,5), (20,5)]
[(15,0), (16,0), (15,1), (16,1), (15,2), (16,2)]
[(17,0), (18,0), (19,0), (17,1), (18,1), (19,1)]
