sizeX:	10
sizeY:	10
nTiles:	100
nBlocked:	39
blockDensity:	0.39
hasSqueezableCorners:	true
largestConnectedSetSize:	69
--connected sets--
[(0,2), (1,2), (0,3), (1,3), (4,3), (5,3), (6,3), (7,3), (0,4), (1,4), (4,4), (5,4), (6,4), (7,4), (8,4), (9,4), (0,5), (1,5), (2,5), (3,5), (4,5), (5,5), (6,5), (7,5), (8,5), (9,5), (0,6), (1,6), (2,6), (3,6), (4,6), (5,6), (6,6), (7,6), (8,6), (9,6), (0,7), (1,7), (2,7), (3,7), (4,7), (5,7), (6,7), (7,7), (8,7), (9,7), (10,7), (0,8), (1,8), (4,8), (5,8), (6,8), (7,8), (8,8), (9,8), (10,8), (4,9), (5,9), (6,9), (7,9), (8,9), (9,9), (10,9), (4,10), (5,10), (6,10), (7,10), (8,10), (9,10)]
[(1,0), (2,0), (3,0), (4,0), (5,0), (6,0), (7,0), (8,0), (1,1), (2,1), (3,1), (4,1), (5,1), (6,1), (7,1), (8,1), (2,2), (3,2), (4,2), (5,2), (6,2), (7,2), (8,2), (2,3), (3,3), (2,4), (3,4)]
[(0,9), (1,9), (2,9), (0,10), (1,10), (2,10)]
[(9,2), (10,2), (9,3), (10,3)]
