sizeX:	10
sizeY:	10
nTiles:	100
nBlocked:	39
blockDensity:	0.39
averageOpenSpaceSize:	0.27272728
hasSqueezableCorners:	false
largestConnectedSetSize:	96
--connected sets--
[(0,0), (1,0), (2,0), (3,0), (4,0), (5,0), (6,0), (7,0), (0,1), (1,1), (2,1), (3,1), (4,1), (5,1), (6,1), (7,1), (0,2), (1,2), (2,2), (3,2), (4,2), (5,2), (6,2), (7,2), (8,2), (0,3), (1,3), (2,3), (3,3), (6,3), (7,3), (8,3), (9,3), (10,3), (0,4), (1,4), (2,4), (3,4), (5,4), (6,4), (7,4), (8,4), (9,4), (10,4), (0,5), (1,5), (2,5), (3,5), (5,5), (6,5), (7,5), (8,5), (0,6), (1,6), (2,6), (3,6), (5,6), (6,6), (7,6), (8,6), (0,7), (1,7), (2,7), (3,7), (4,7), (5,7), (6,7), (7,7), (8,7), (9,7), (0,8), (1,8), (2,8), (3,8), (4,8), (5,8), (6,8), (7,8), (8,8), (9,8), (0,9), (1,9), (2,9), (3,9), (6,9), (7,9), (8,9), (9,9), (0,10), (1,10), (2,10), (3,10), (6,10), (7,10), (8,10), (9,10)]
[(9,0), (10,0), (9,1), (10,1)]
